Aikaleima;Alue 1 (Wh);Alue 2 (Wh);Alue 3 (Wh);Alue 4 (Wh)
01/01/2022;0;0;0;7503
02/01/2022;0;0;0;2838
03/01/2022;0;0;0;1526
04/01/2022;0;0;0;1065
05/01/2022;0;0;0;1055
06/01/2022;0;0;0;3794
07/01/2022;0;0;0;7235
08/01/2022;0;0;0;4758
09/01/2022;0;0;0;994
10/01/2022;0;0;0;8043
11/01/2022;0;0;0;7002
12/01/2022;0;0;0;1005
13/01/2022;0;0;0;3772
14/01/2022;0;9;0;2786
15/01/2022;0;27;0;7196
16/01/2022;0;59;0;13050
17/01/2022;0;97;0;8849
18/01/2022;0;216;0;11620
19/01/2022;0;0;0;4020
20/01/2022;0;0;0;1986
21/01/2022;0;0;0;5228
22/01/2022;0;0;0;6607
23/01/2022;0;0;0;4902
24/01/2022;0;0;0;3346
25/01/2022;0;0;0;21068
26/01/2022;0;0;0;4447
27/01/2022;0;0;0;3807
28/01/2022;0;0;0;6225
29/01/2022;0;0;0;10147
30/01/2022;0;0;0;6266
31/01/2022;0;0;0;9391
01/02/2022;0;0;0;8053
02/02/2022;0;0;0;5942
03/02/2022;0;0;0;21457
04/02/2022;0;0;0;15326
05/02/2022;0;0;0;15979
06/02/2022;0;0;0;9064
07/02/2022;0;0;0;7795
08/02/2022;0;0;0;13215
09/02/2022;0;0;0;21509
10/02/2022;0;0;0;15381
11/02/2022;0;0;0;47739
12/02/2022;0;0;0;19553
13/02/2022;0;0;0;5959
14/02/2022;0;0;0;6720
15/02/2022;0;0;0;4186
16/02/2022;0;0;0;11031
17/02/2022;0;0;0;7402
18/02/2022;0;0;0;10811
19/02/2022;0;0;0;13772
20/02/2022;0;0;0;30546
21/02/2022;0;0;0;12057
22/02/2022;0;0;0;20399
23/02/2022;0;0;0;55616
24/02/2022;0;0;0;5853
25/02/2022;0;0;0;10786
26/02/2022;0;0;0;38110
27/02/2022;0;0;0;77543
28/02/2022;0;0;0;24037
01/03/2022;0;0;0;86921
02/03/2022;0;0;0;12907
03/03/2022;0;0;0;58165
04/03/2022;0;0;0;92246
05/03/2022;0;0;0;89103
06/03/2022;0;0;0;92964
07/03/2022;0;0;0;24653
08/03/2022;0;0;0;29439
09/03/2022;0;0;0;89959
10/03/2022;0;0;0;103863
11/03/2022;0;0;0;22487
12/03/2022;0;0;0;77873
13/03/2022;0;0;0;93882
14/03/2022;0;0;0;99524
15/03/2022;0;0;0;92945
16/03/2022;0;0;0;100418
17/03/2022;0;0;0;101006
18/03/2022;0;0;0;104707
19/03/2022;0;4;0;61129
20/03/2022;0;517;24;106267
21/03/2022;87;6078;147;119938
22/03/2022;964;27719;320;147124
23/03/2022;2015;59051;514;144134
24/03/2022;3100;76757;708;149046
25/03/2022;1205;33047;429;31658
26/03/2022;8839;71269;2321;55548
27/03/2022;39469;193209;6455;246873
28/03/2022;7619;52483;2408;85943
29/03/2022;34732;170047;6568;248588
30/03/2022;27307;161890;6518;197482
31/03/2022;36419;215657;6531;249890
01/04/2022;41208;218196;9234;219058
02/04/2022;49846;248230;9338;259741
03/04/2022;52705;245312;9999;226457
04/04/2022;33702;165471;8399;115233
05/04/2022;0;0;0;29715
06/04/2022;0;201;0;151049
07/04/2022;0;6;0;58021
08/04/2022;1787;51840;1535;43581
09/04/2022;38705;236570;18534;158063
10/04/2022;34099;139654;11147;75802
11/04/2022;88574;264308;28022;201875
12/04/2022;154676;286386;36979;147554
13/04/2022;289783;399065;62535;277094
14/04/2022;187228;243527;41407;121562
15/04/2022;156007;184554;32983;84747
16/04/2022;480216;456916;88747;305811
17/04/2022;468833;434359;90444;271417
18/04/2022;383114;359284;66553;243802
19/04/2022;440780;393107;71571;227961
20/04/2022;525139;453411;87517;279386
21/04/2022;547428;477811;90988;298037
22/04/2022;539766;477910;92765;297078
23/04/2022;518316;465547;97423;264396
24/04/2022;524346;470035;89623;297672
25/04/2022;278486;279941;53755;130894
26/04/2022;278330;274424;51935;150598
27/04/2022;440945;412622;81685;253174
28/04/2022;556268;495358;101929;305705
29/04/2022;450120;419874;88322;257211
30/04/2022;564528;514220;101736;323868
01/05/2022;407695;385696;79190;202539
02/05/2022;390672;364928;73238;193480
03/05/2022;276085;282346;49591;168522
04/05/2022;530105;487304;97908;301233
05/05/2022;331948;307029;60413;145451
06/05/2022;534664;465995;97396;261159
07/05/2022;562264;489630;110450;279439
08/05/2022;415492;385764;72850;255189
09/05/2022;493961;442786;94034;239538
10/05/2022;561052;502541;105512;280233
11/05/2022;233879;226195;43934;100563
12/05/2022;233422;224129;45224;119298
13/05/2022;477263;414174;92993;195880
14/05/2022;416554;386762;76965;237970
15/05/2022;373265;338849;73069;147290
16/05/2022;296687;289121;56670;139583
17/05/2022;172713;166954;33402;74117
18/05/2022;589525;504011;115283;243045
19/05/2022;540304;471180;100651;215288
20/05/2022;643850;577107;116066;337766
21/05/2022;712269;627310;126922;349025
22/05/2022;697650;614092;126102;339721
23/05/2022;496383;450170;93907;231179
24/05/2022;674813;594805;122503;326204
25/05/2022;670755;593782;122279;329766
26/05/2022;208374;201873;40591;92451
27/05/2022;263467;251983;50582;115413
28/05/2022;297537;273895;55854;116541
29/05/2022;343491;324172;67935;158828
30/05/2022;393957;360682;77881;166453
31/05/2022;242831;235577;45799;105380
01/06/2022;569093;532347;106410;298166
02/06/2022;214314;208635;42144;91427
03/06/2022;452513;413184;88619;175989
04/06/2022;260580;252876;51029;108007
05/06/2022;471720;432615;91538;244568
06/06/2022;738159;665516;136657;347444
07/06/2022;710843;642811;131242;337756
08/06/2022;365806;357017;66697;194914
09/06/2022;524550;486915;100564;271453
10/06/2022;477557;461542;89378;263845
11/06/2022;632025;575143;117763;317511
12/06/2022;468324;444871;89391;248366
13/06/2022;589581;552535;112569;288491
14/06/2022;429213;370815;36053;201742
15/06/2022;174510;172610;0;53816
16/06/2022;295890;293081;0;94360
17/06/2022;256525;253408;0;80552
18/06/2022;360562;360573;0;117387
19/06/2022;499650;478446;0;158928
20/06/2022;308668;297310;0;112751
21/06/2022;704523;637807;0;322760
22/06/2022;664363;624334;0;345555
23/06/2022;558857;540153;0;300636
24/06/2022;697849;647760;0;336237
25/06/2022;684432;635259;0;330556
26/06/2022;682677;632909;0;331487
27/06/2022;672245;619406;0;326317
28/06/2022;654841;606920;0;320958
29/06/2022;695930;639709;0;334649
30/06/2022;713509;659516;0;347693
01/07/2022;646560;595684;0;328894
02/07/2022;565336;534588;0;285410
03/07/2022;372068;354850;0;169137
04/07/2022;658103;602496;0;328989
05/07/2022;538247;498076;0;247550
06/07/2022;575002;554756;0;300103
07/07/2022;508253;495711;0;286194
08/07/2022;566338;556672;0;324981
09/07/2022;294052;282061;0;127616
10/07/2022;388845;372363;0;204887
11/07/2022;412827;392297;0;228114
12/07/2022;513518;475318;0;229466
13/07/2022;557118;508340;0;225650
14/07/2022;481014;462107;0;257370
15/07/2022;554720;519532;0;285935
16/07/2022;436375;429059;0;244094
17/07/2022;311680;316016;0;156425
18/07/2022;354599;349874;0;186224
19/07/2022;406342;384120;0;222912
20/07/2022;697747;629985;0;339181
21/07/2022;631481;571990;0;306088
22/07/2022;613094;558898;0;303603
23/07/2022;296196;286931;0;156228
24/07/2022;160614;147005;0;68187
25/07/2022;604559;0;0;277271
26/07/2022;385761;0;0;180654
27/07/2022;445541;0;0;195951
28/07/2022;338781;0;0;172775
29/07/2022;219434;0;0;118389
30/07/2022;190149;0;0;81810
31/07/2022;510378;0;0;266074
01/08/2022;528321;0;0;299646
02/08/2022;398630;0;0;162560
03/08/2022;595070;0;0;267865
04/08/2022;566482;0;0;287659
05/08/2022;588646;0;0;288197
06/08/2022;359860;0;0;196660
07/08/2022;507883;0;0;280392
08/08/2022;442923;0;0;224988
09/08/2022;544489;0;0;286809
10/08/2022;583111;0;0;295402
11/08/2022;509954;0;0;247675
12/08/2022;473130;0;0;259988
13/08/2022;583524;0;0;288749
14/08/2022;552384;0;0;278118
15/08/2022;528377;0;0;286148
16/08/2022;504802;0;0;268804
17/08/2022;486797;0;0;241413
18/08/2022;322122;0;0;145426
19/08/2022;472856;103645;0;229445
20/08/2022;523784;434767;0;271007
21/08/2022;372889;334575;0;215536
22/08/2022;138055;137224;0;81807
23/08/2022;436843;378794;0;203696
24/08/2022;417078;352737;0;197892
25/08/2022;82803;81885;0;34689
26/08/2022;124248;119185;0;54642
27/08/2022;370034;315866;0;164809
28/08/2022;381955;325968;0;213713
29/08/2022;120598;119964;0;63511
30/08/2022;317320;282623;0;202185
31/08/2022;117407;115922;0;49814
01/09/2022;227322;209674;0;97481
02/09/2022;316030;280351;0;174351
03/09/2022;292702;254397;0;132475
04/09/2022;201050;189147;0;89724
05/09/2022;206635;193834;0;110568
06/09/2022;216126;203141;0;101459
07/09/2022;262654;225942;0;134218
08/09/2022;320690;271000;0;172893
09/09/2022;277948;236132;0;160421
10/09/2022;355533;289283;0;204319
11/09/2022;385405;294898;0;219127
12/09/2022;405393;306463;0;224133
13/09/2022;103894;100037;19751;47529
14/09/2022;102912;100882;19548;46515
15/09/2022;65379;64869;12262;27291
16/09/2022;144163;133318;27328;64412
17/09/2022;146343;135313;26207;60226
18/09/2022;205090;175409;34804;89121
19/09/2022;204986;181884;38411;104978
20/09/2022;148020;135623;26905;66011
21/09/2022;193037;168488;35203;84447
22/09/2022;189018;171358;35368;95375
23/09/2022;153014;142223;28973;71634
24/09/2022;153911;140423;26888;73595
25/09/2022;56023;54928;10651;23816
26/09/2022;147399;132966;27892;62719
27/09/2022;176825;147453;32521;86423
28/09/2022;80273;76922;14870;34338
29/09/2022;49056;48259;9240;20126
30/09/2022;61750;60697;11816;25472
01/10/2022;227903;169219;38074;148149
02/10/2022;225474;183434;41490;100242
03/10/2022;76348;74241;14559;32843
04/10/2022;43724;42784;8337;17861
05/10/2022;55615;55016;10675;22853
06/10/2022;28893;28480;5373;11210
07/10/2022;188142;149573;34571;102603
08/10/2022;32322;31785;6114;12988
09/10/2022;222332;162044;40609;147307
10/10/2022;135871;114197;25637;63856
11/10/2022;35231;34540;6725;14663
12/10/2022;164189;123180;31079;123494
13/10/2022;181512;138076;35366;124182
14/10/2022;70929;67071;13583;30594
15/10/2022;51541;48305;9714;21137
16/10/2022;13693;13499;2546;4989
17/10/2022;84529;75082;16155;35768
18/10/2022;49822;47574;9273;20940
19/10/2022;71215;63808;13624;38204
20/10/2022;70380;64888;13291;30049
21/10/2022;53806;52257;10259;23045
22/10/2022;46051;43952;8765;19384
23/10/2022;55849;50620;10053;25845
24/10/2022;122854;105322;22825;95457
25/10/2022;74292;65987;14920;70625
26/10/2022;22466;22552;4152;8694
27/10/2022;25903;25536;4909;10230
28/10/2022;29733;28573;5584;12455
29/10/2022;10909;10716;1972;3801
30/10/2022;69440;76311;13848;67540
31/10/2022;58521;71034;12105;59252
01/11/2022;31152;30235;5948;14672
02/11/2022;9190;9085;1665;3017
03/11/2022;20459;20059;3819;7755
04/11/2022;23596;22981;4471;9451
05/11/2022;15542;15210;2900;6078
06/11/2022;3419;4069;758;2679
07/11/2022;8586;8479;1561;2999
08/11/2022;21576;20586;4035;8589
09/11/2022;7826;7736;1398;2447
10/11/2022;15025;14359;2700;6081
11/11/2022;3356;3296;545;899
12/11/2022;19416;28845;3338;11842
13/11/2022;34100;30844;6387;16299
14/11/2022;9229;8990;1665;3251
15/11/2022;11502;11128;2121;4329
16/11/2022;4803;3995;836;4184
17/11/2022;11329;10710;2230;6718
18/11/2022;11095;10638;1995;4068
19/11/2022;30242;31500;5529;25279
20/11/2022;1853;2124;155;669
21/11/2022;5866;6458;721;3664
22/11/2022;4191;4926;507;1956
23/11/2022;2837;3199;295;962
24/11/2022;3561;4099;394;1407
25/11/2022;2103;2468;205;696
26/11/2022;6355;6989;881;3059
27/11/2022;3803;4263;490;1687
28/11/2022;1777;2046;219;899
29/11/2022;3632;3930;529;1926
30/11/2022;0;0;0;1043
01/12/2022;0;0;0;2194
02/12/2022;0;0;0;2486
03/12/2022;0;0;0;4138
04/12/2022;0;0;0;807
05/12/2022;0;0;0;2408
06/12/2022;0;0;0;2265
07/12/2022;0;0;0;1864
08/12/2022;0;0;0;1661
09/12/2022;0;0;0;1812
10/12/2022;0;0;0;3562
11/12/2022;0;0;0;1197
12/12/2022;0;0;0;1117
13/12/2022;0;0;0;1309
14/12/2022;0;0;0;2445
15/12/2022;0;0;0;1487
16/12/2022;0;0;0;6736
17/12/2022;0;0;0;936
18/12/2022;0;0;0;754
19/12/2022;0;0;0;2461
20/12/2022;0;0;0;1712
21/12/2022;0;0;0;1136
22/12/2022;0;0;0;404
23/12/2022;0;0;0;259
24/12/2022;0;0;0;1681
25/12/2022;0;0;0;5644
26/12/2022;0;0;0;2489
27/12/2022;0;0;0;1902
28/12/2022;0;0;0;2057
29/12/2022;0;0;0;1850
30/12/2022;0;0;0;650
31/12/2022;0;1;0;387
